[header]
width=15
height=50
tilewidth=12
tileheight=12
orientation=orthogonal

[tilesets]
tileset=My Repository/Final (EXTRA)/NYUCodebase/arne_sprites.png,16,16,0,0

[layer]
type=Tile Layer 1
data=
33,33,33,33,33,33,33,33,33,33,33,33,33,33,33,
33,0,0,0,0,0,0,0,0,0,0,0,0,0,33,
33,0,0,0,0,0,0,0,0,0,0,0,0,0,33,
33,0,0,0,0,0,0,0,0,33,33,33,33,33,33,
33,0,0,0,0,0,0,0,0,0,0,0,0,0,33,
33,0,0,0,0,0,0,0,0,0,0,0,0,0,33,
33,0,0,0,0,0,33,33,0,0,0,0,0,0,33,
33,0,0,0,0,0,0,0,0,0,0,0,0,0,33,
33,0,0,0,0,0,0,0,0,0,0,0,0,0,33,
33,0,0,33,33,0,0,0,0,0,0,0,0,0,33,
33,0,0,0,0,0,0,0,0,0,0,0,0,0,33,
33,0,0,0,0,0,0,0,0,0,0,0,0,0,33,
33,33,0,0,0,0,0,0,0,0,0,0,0,0,33,
33,0,0,0,0,0,0,0,0,0,0,0,0,0,33,
33,0,0,0,0,0,0,0,0,0,0,0,0,0,33,
33,0,0,33,33,0,0,0,0,0,0,0,0,0,33,
33,0,0,0,0,0,0,0,0,0,0,0,0,0,33,
33,0,0,0,0,0,0,0,0,0,0,0,0,0,33,
33,0,0,0,0,0,33,33,0,0,0,0,0,0,33,
33,0,0,0,0,0,0,0,0,0,0,0,0,0,33,
33,0,0,0,0,0,0,0,0,0,0,0,0,0,33,
33,0,0,0,0,0,0,0,0,33,33,0,0,0,33,
33,0,0,0,0,0,0,0,0,0,0,0,0,0,33,
33,0,0,0,0,0,0,0,0,0,0,0,0,0,33,
33,0,0,0,0,0,0,0,0,0,0,0,33,33,33,
33,0,0,0,0,0,0,0,0,0,0,0,0,0,33,
33,0,0,0,0,0,0,0,0,0,0,0,0,0,33,
33,0,0,0,0,0,0,0,0,33,33,0,0,0,33,
33,0,0,0,0,0,0,0,0,0,0,0,0,0,33,
33,0,0,0,0,0,0,0,0,0,0,0,0,0,33,
33,0,0,0,0,33,33,0,0,0,0,0,0,0,33,
33,0,0,0,0,0,0,0,0,0,0,0,0,0,33,
33,0,0,0,0,0,0,0,0,0,0,0,0,0,33,
33,33,33,0,0,0,0,0,0,0,0,0,0,0,33,
33,0,0,0,0,0,0,0,0,0,0,0,0,0,33,
33,0,0,0,0,0,0,0,0,0,0,0,0,0,33,
33,0,0,0,33,33,0,0,0,0,0,0,0,0,33,
33,0,0,0,0,0,0,0,0,0,0,0,0,0,33,
33,0,0,0,0,0,0,0,0,0,0,0,0,0,33,
33,0,0,0,0,0,0,33,33,0,0,0,0,0,33,
33,0,0,0,0,0,0,0,0,0,0,0,0,0,33,
33,0,0,0,0,0,0,0,0,0,0,0,0,0,33,
33,0,0,0,0,0,0,0,0,0,33,33,0,0,33,
33,0,0,0,0,0,0,0,0,0,0,0,0,0,33,
33,0,0,0,0,33,33,0,0,0,0,0,0,0,33,
33,0,0,0,0,0,0,0,0,0,0,0,0,0,33,
33,33,33,0,0,0,0,0,0,0,0,0,0,0,33,
33,0,0,0,0,0,0,0,0,0,0,0,0,0,33,
33,0,0,0,0,0,0,0,0,0,0,0,0,0,33,
33,33,33,33,33,33,33,33,33,33,33,33,33,33,33

[Object Layer 1]
# End
type=End
location=12,2,1,1

[Object Layer 1]
# Start
type=Start
location=11,48,1,1

[Object Layer 1]
# Blob
type=Blob
location=4,48,1,1

[Object Layer 1]
# Blob
type=Blob
location=4,35,1,1

[Object Layer 1]
# Creature
type=Creature
location=5,29,1,1

[Object Layer 1]
# Creature
type=Creature
location=12,23,1,1

[Object Layer 1]
# Creature
type=Creature
location=6,17,1,1

[Object Layer 1]
# Blob
type=Blob
location=2,8,1,1

[Object Layer 1]
# Blob
type=Blob
location=6,5,1,1

[Object Layer 1]
# Coin
type=Coin
location=9,2,1,1

[Object Layer 1]
# Coin
type=Coin
location=3,14,1,1

[Object Layer 1]
# Coin
type=Coin
location=9,26,1,1

[Object Layer 1]
# Coin
type=Coin
location=1,32,1,1

[Object Layer 1]
# Coin
type=Coin
location=7,38,1,1

[Object Layer 1]
# Coin
type=Coin
location=10,41,1,1

[Object Layer 1]
# Creature
type=Creature
location=5,43,1,1

[Object Layer 1]
# Coin
type=Coin
location=1,45,1,1

