[header]
width=32
height=64
tilewidth=16
tileheight=16
orientation=orthogonal

[tilesets]
tileset=arne_sprites.png,16,16,0,0

[layer]
type=Tile Layer 1
data=
33,33,33,33,33,33,33,33,33,33,33,33,33,33,33,33,33,33,33,33,33,33,33,33,33,33,33,33,33,33,33,33,
33,0,0,0,0,0,0,0,0,0,0,0,0,0,0,0,0,0,0,0,0,0,0,0,0,0,0,0,0,0,0,33,
33,0,0,0,0,0,0,0,0,0,0,0,0,0,0,0,0,0,0,0,0,0,0,0,0,0,0,0,0,0,0,33,
33,0,0,0,0,0,0,0,0,0,0,0,0,0,0,0,0,0,0,0,0,0,33,0,0,0,0,0,0,0,33,33,
33,0,0,0,0,0,0,0,0,0,0,0,0,0,0,0,0,0,0,0,0,0,33,33,33,33,33,33,33,33,33,33,
33,0,0,0,0,0,0,0,0,0,0,0,0,0,0,0,0,0,0,0,0,0,33,33,33,33,33,33,33,33,33,33,
33,0,0,0,0,0,0,0,0,0,0,0,0,0,0,0,0,0,0,0,0,0,33,33,33,33,33,33,33,33,33,33,
33,0,0,0,0,0,0,0,0,0,0,0,0,0,0,0,0,0,0,0,0,0,33,33,33,33,33,33,33,33,33,33,
33,0,0,0,0,0,0,0,0,0,0,0,0,0,0,0,0,0,0,0,0,0,33,33,33,33,33,33,33,33,33,33,
33,0,0,0,0,0,0,0,0,0,0,0,0,0,0,0,0,0,0,0,0,0,33,33,33,33,33,33,33,33,33,33,
33,0,0,0,0,0,0,0,0,0,33,0,0,0,0,0,0,33,0,0,0,0,0,0,0,33,33,33,33,33,33,33,
33,0,0,0,0,0,0,0,0,0,33,33,33,33,33,33,33,33,0,0,0,0,0,0,0,0,0,0,33,33,33,33,
33,0,0,0,0,0,0,0,0,0,33,33,33,33,33,33,33,33,33,0,0,0,0,0,0,0,0,0,0,0,0,33,
33,0,0,0,0,0,0,0,0,33,33,33,33,33,33,33,33,33,33,0,0,0,0,0,0,0,0,0,0,0,0,33,
33,0,0,0,0,0,0,0,0,33,33,33,33,33,33,33,33,33,33,0,0,0,0,0,0,0,0,0,0,0,0,33,
33,0,0,0,0,0,0,0,0,0,33,33,33,33,33,33,33,33,0,0,0,0,0,0,0,0,0,0,0,0,0,33,
33,0,0,0,0,0,0,0,0,0,33,33,33,33,33,33,0,0,0,0,0,0,0,0,0,0,0,0,0,0,0,33,
33,0,0,0,0,0,0,0,0,0,0,33,33,33,33,0,0,0,0,0,0,0,0,0,0,0,0,0,0,0,0,33,
33,0,0,0,0,0,0,0,0,0,0,0,0,0,0,0,0,0,0,0,0,0,0,0,0,0,0,0,0,0,0,33,
33,0,33,0,0,0,0,33,0,0,0,0,0,0,0,0,0,0,0,0,0,0,0,0,0,0,0,0,0,0,0,33,
33,0,33,33,33,33,33,33,0,0,0,0,0,0,0,0,0,0,0,0,0,0,0,0,0,0,0,0,0,0,0,33,
33,0,33,33,33,33,33,33,0,0,0,0,0,0,0,0,0,0,0,0,0,0,0,0,0,0,0,0,0,0,0,33,
33,0,33,33,33,33,33,33,33,0,0,0,0,0,0,0,0,0,0,0,0,0,0,0,0,0,0,0,0,0,0,33,
33,0,33,33,33,33,33,33,33,0,0,0,0,0,0,0,0,0,0,0,0,0,33,0,0,0,0,0,33,0,0,33,
33,0,33,33,33,33,33,33,33,0,0,0,0,0,0,0,0,0,0,0,0,0,33,33,33,33,33,33,33,0,0,33,
33,0,33,33,33,33,33,33,33,0,0,0,0,0,0,0,0,0,0,0,0,0,33,33,33,33,33,33,33,0,0,33,
33,0,33,33,33,33,33,33,33,0,0,0,0,0,0,0,0,0,0,0,0,33,33,33,33,33,33,33,33,33,0,33,
33,0,0,33,33,33,33,33,33,0,0,0,0,0,0,0,0,0,0,0,0,33,33,33,33,33,33,33,33,33,0,33,
33,0,0,0,33,33,0,0,0,0,0,0,0,0,0,0,0,0,0,0,0,0,33,33,33,33,33,33,33,33,0,33,
33,0,0,0,0,0,0,0,0,0,0,0,0,0,0,0,0,0,0,0,0,0,33,33,33,33,33,33,33,33,33,33,
33,0,0,0,0,0,0,0,0,0,0,0,0,0,0,0,0,0,0,0,0,0,0,33,33,33,33,33,33,33,33,33,
33,0,0,0,0,0,0,0,0,0,0,0,0,0,0,0,0,0,0,0,0,0,0,33,33,33,33,33,33,33,33,33,
33,0,0,0,0,0,0,0,0,0,0,0,0,0,0,0,0,0,0,0,0,0,0,0,0,0,0,0,0,0,0,33,
33,0,0,0,0,0,0,0,0,0,33,0,0,0,0,33,0,0,0,0,0,0,0,0,0,0,0,0,0,0,0,33,
33,0,0,0,0,0,0,0,0,0,33,33,33,33,33,33,0,0,0,0,0,0,0,0,0,0,0,0,0,0,0,33,
33,0,0,0,0,0,0,0,0,0,33,33,33,33,33,33,0,0,0,0,0,0,0,0,0,0,0,0,0,0,0,33,
33,0,0,0,0,0,0,0,0,0,33,33,33,33,33,33,33,0,0,0,0,0,0,0,0,0,0,0,0,0,0,33,
33,0,0,0,0,0,0,0,0,0,33,33,33,33,33,33,33,0,0,0,0,0,0,0,0,0,0,0,0,0,0,33,
33,0,0,0,0,0,0,0,0,0,33,33,33,33,33,33,33,0,0,0,0,0,0,0,0,0,0,0,0,0,0,33,
33,0,0,0,0,0,0,0,0,33,33,33,33,33,33,33,33,0,0,0,0,0,0,0,0,0,0,0,0,0,0,33,
33,0,0,0,0,0,0,0,0,33,33,33,33,33,33,33,0,0,0,0,0,0,0,0,0,0,0,0,0,0,0,33,
33,0,0,0,0,0,0,0,0,33,33,33,33,33,33,33,0,0,0,0,0,0,0,0,0,0,0,0,0,0,0,33,
33,0,0,0,0,0,0,0,0,0,0,0,0,0,0,0,0,0,0,33,0,0,0,0,0,0,0,0,0,33,0,33,
33,0,0,0,0,0,0,0,0,0,0,0,0,0,0,0,0,0,0,33,33,33,33,33,33,33,33,33,33,33,0,33,
33,0,0,0,0,0,0,0,0,0,0,0,0,0,0,0,0,0,0,33,33,33,33,33,33,33,33,33,33,33,0,33,
33,0,0,0,0,0,0,0,0,0,0,0,0,0,0,0,0,0,0,33,33,33,33,33,33,33,33,33,33,33,0,33,
33,0,0,0,0,0,0,0,0,0,0,0,0,0,0,0,0,0,0,33,33,33,33,33,33,33,33,33,33,33,0,33,
33,0,0,0,0,0,0,0,0,0,0,0,0,0,0,0,0,0,0,33,33,33,33,33,33,33,33,33,0,0,0,33,
33,33,0,0,0,0,0,0,0,0,33,0,0,0,0,0,0,0,0,33,33,33,33,33,33,33,33,33,0,0,0,33,
33,33,33,33,33,33,33,33,33,33,33,0,0,0,0,0,0,0,0,0,33,33,33,33,33,33,33,0,0,0,0,33,
33,0,33,33,33,33,33,33,33,33,33,0,0,0,0,0,0,0,0,0,0,33,33,33,33,33,33,0,0,0,0,33,
33,0,33,33,33,33,33,33,33,33,33,0,0,0,0,0,0,0,0,0,0,0,0,33,33,33,0,0,0,0,0,33,
33,0,33,33,33,33,33,33,33,33,33,0,0,0,0,0,0,0,0,0,0,0,0,0,0,0,0,0,0,0,0,33,
33,0,33,33,33,33,33,33,33,33,33,0,0,0,0,0,0,0,0,0,0,0,0,0,0,0,0,0,0,0,0,33,
33,0,0,0,33,33,33,33,33,33,33,0,0,0,0,0,0,0,0,0,0,0,0,0,0,0,0,0,0,0,0,33,
33,0,0,0,0,0,0,0,33,33,33,0,0,0,0,0,0,0,0,0,0,0,0,0,0,0,0,0,0,0,0,33,
33,0,0,0,0,0,0,0,0,0,0,0,0,0,0,0,0,0,0,0,0,0,0,0,0,0,0,0,0,0,0,33,
33,0,0,0,0,0,0,0,0,0,0,0,0,0,0,0,0,0,0,0,0,0,0,0,0,0,0,0,0,0,0,33,
33,0,0,0,0,0,0,0,0,0,0,0,0,0,0,0,0,0,0,0,0,0,0,0,0,0,0,0,0,0,0,33,
33,0,0,0,0,0,0,0,0,0,0,0,0,0,0,0,0,0,0,0,0,0,0,0,0,0,0,0,0,0,0,33,
33,0,0,0,0,0,0,0,0,0,0,0,0,0,0,0,0,0,0,0,0,0,0,0,0,0,0,0,0,0,0,33,
33,0,0,0,0,0,0,0,0,0,0,0,0,0,0,0,0,0,0,0,0,0,0,0,0,0,0,0,0,0,0,33,
33,0,0,0,0,0,0,0,0,0,0,0,0,0,0,0,0,0,0,0,0,0,0,0,0,0,0,0,0,0,0,33,
33,33,33,33,33,33,33,33,33,33,33,33,33,33,33,33,33,33,33,33,33,33,33,33,33,33,33,33,33,33,33,33

[Object Layer 1]
# Start
type=Start
location=25,63,1,1

[Object Layer 1]
# Start
type=Start
location=24,63,1,1

[Object Layer 1]
# Start
type=Start
location=26,63,1,1

[Object Layer 1]
# Start
type=Start
location=27,63,1,1

[Object Layer 1]
# Start
type=Start
location=28,63,1,1

[Object Layer 1]
# Start
type=Start
location=29,63,1,1

[Object Layer 1]
# Start
type=Start
location=30,63,1,1

[Object Layer 1]
# End
type=End
location=30,2,1,1

[Object Layer 1]
# End
type=End
location=29,2,1,1

[Object Layer 1]
# End
type=End
location=28,2,1,1

[Object Layer 1]
# End
type=End
location=27,2,1,1

[Object Layer 1]
# End
type=End
location=26,2,1,1

[Object Layer 1]
# End
type=End
location=25,2,1,1

[Object Layer 1]
# End
type=End
location=24,2,1,1

[Object Layer 1]
# End
type=End
location=23,2,1,1

[Object Layer 1]
# End
type=End
location=22,2,1,1

[Object Layer 1]
# Creature
type=Creature
location=4,59,1,1

[Object Layer 1]
# Creature
type=Creature
location=16,55,1,1

[Object Layer 1]
# Creature
type=Creature
location=28,54,1,1

[Object Layer 1]
# Creature
type=Creature
location=3,37,1,1

[Object Layer 1]
# Creature
type=Creature
location=26,36,1,1

[Object Layer 1]
# Creature
type=Creature
location=15,24,1,1

[Object Layer 1]
# Creature
type=Creature
location=27,16,1,1

[Object Layer 1]
# Creature
type=Creature
location=4,10,1,1

[Object Layer 1]
# Creature
type=Creature
location=15,4,1,1

[Object Layer 1]
# Blob
type=Blob
location=24,4,1,1

[Object Layer 1]
# Blob
type=Blob
location=15,11,1,1

[Object Layer 1]
# Blob
type=Blob
location=4,20,1,1

[Object Layer 1]
# Blob
type=Blob
location=26,24,1,1

[Object Layer 1]
# Blob
type=Blob
location=12,34,1,1

[Object Layer 1]
# Blob
type=Blob
location=8,49,1,1

[Object Layer 1]
# Blob
type=Blob
location=21,43,1,1

[Object Layer 1]
# Player
type=Player
location=27,62,1,1

[Object Layer 1]
# Player
type=Player
location=27,61,1,1

